2
2	0	0
2	0	0	0
0	0	1	1
0	1	2	3	4	10	11	17	18	34	35	36
0	500
1	1
0	0
6
152	0	0	0	0	0	0	1	0
100	0	0	0	0	0	0	36	0
100	0	0	0	0	0	1	36	0
80	0	0	0	0	0	3	36	0
180	0	0	0	0	0	4	4	0
80	0	0	0	0	0	2	10	0
3
200	0	0	0	0	0	0	1	0
0	3	0
150	0	0	0	0	0	2	18	0
9	25	27	29	31	32	33
0	0
1	1
1	0
12
141	0	0	0	0	0	1	9	0
100	0	0	0	0	0	0	25	0
80	0	0	0	0	0	3	25	0
100	0	0	0	0	0	1	25	0
100	0	0	0	0	0	0	27	0
100	0	0	0	0	0	1	27	0
180	0	0	0	0	0	4	31	0
100	0	0	0	0	0	0	29	0
100	0	0	0	0	0	1	29	0
80	0	0	0	0	0	2	29	0
100	0	0	0	0	0	0	33	0
80	0	0	0	0	0	2	33	0
5
1	25	0
1	27	0
1	29	0
1	31	0
1	33	0
0
